1.000000000000000056e-01 2.833484561031148163e-43
1.059560179277615893e-01 3.088461692130064907e-43
1.122667773510813566e-01 3.381638330907396948e-43
1.189534067370319470e-01 3.716839193948211480e-43
1.260382929679727537e-01 4.094604323599031213e-43
1.335451562929898806e-01 4.514546734272799168e-43
1.414991297434576023e-01 4.975102170647417218e-43
1.499268432786045602e-01 5.459734145409548764e-43
1.588565129428052836e-01 5.911562618111021814e-43
1.683180353330956669e-01 6.300680007343483536e-43
1.783430876931909326e-01 6.644780133214314766e-43
1.889652339691209604e-01 6.940628727395750482e-43
2.002200371815584523e-01 7.254478509705640880e-43
2.121451784910629856e-01 7.531538491229379277e-43
2.247805833548725263e-01 7.801074337951404035e-43
2.381685551976158166e-01 8.061803569682095592e-43
2.523539170434765944e-01 8.328474726776504767e-43
2.673841615839946395e-01 8.601423164409943265e-43
2.833096101839324144e-01 8.872624247286096739e-43
3.001835813575589040e-01 9.138173496998097338e-43
3.180625692794120107e-01 9.161241361068340912e-43
3.370064329271929005e-01 9.434610061934731057e-43
3.570785964900463627e-01 9.705554143127774065e-43
3.783462617131930217e-01 9.957081900855039745e-43
4.008806328898465443e-01 1.001340359377938925e-42
4.247571552536899553e-01 1.026285071562902000e-42
4.500557675700498916e-01 1.028585418349346986e-42
4.768611697714470465e-01 1.050764684651329697e-42
5.052631065335680960e-01 1.045811861353822501e-42
5.353566677410726005e-01 1.038857920858824925e-42
5.672426068491979168e-01 1.014685392538872349e-42
6.010276782070382851e-01 9.776973118004497750e-43
6.368249944718588074e-01 9.064810904443442479e-43
6.747544053110694495e-01 8.148315521342241417e-43
7.149428986597579083e-01 7.111594178763043153e-43
7.575250258771913936e-01 6.035145269582397555e-43
8.026433522257175879e-01 4.978013690784717362e-43
8.504489341802679014e-01 3.989924338919011962e-43
9.011018251665020573e-01 3.119652945173509318e-43
9.547716114208059102e-01 2.398185631147819886e-43
1.011637979766207618e+00 1.830494281831330407e-43
1.071891319205128035e+00 1.405946725412092584e-43
1.135733358343105737e+00 1.096468357289460401e-43
1.203377840777589913e+00 8.743321486626804611e-44
1.275051240713013456e+00 7.154658789384020924e-44
1.350993521198027292e+00 6.020788517971485354e-44
1.431458937523479191e+00 5.205808478015521442e-44
1.516716888470923230e+00 4.620126791847471681e-44
1.607052818261639260e+00 4.197989398955324483e-44
1.702769172225900407e+00 3.894977623765752771e-44
1.804186409392072754e+00 3.679237784504750945e-44
1.911644075385702690e+00 3.531270831065380884e-44
2.025501939230667681e+00 3.436848397478163437e-44
2.146141197858404848e+00 3.380130034536303001e-44
2.273965752357928860e+00 3.356566262292595755e-44
2.409403560239525621e+00 3.357324980688704062e-44
2.552908068239517991e+00 3.379585148121306605e-44
2.704959730463135870e+00 3.418608685560097670e-44
2.866067616948251739e+00 3.470254502077067652e-44
3.036771118035459072e+00 3.532019298059079961e-44
3.217641750250737065e+00 3.598791061228230471e-44
3.409285069746812891e+00 3.667882561292909489e-44
3.612342699709432114e+00 3.735147708795646552e-44
3.827494478516312970e+00 3.795910575315856841e-44
4.055460735840830111e+00 3.846746745434738367e-44
4.297004704320841917e+00 3.881319674592580340e-44
4.552935074866949705e+00 3.890626848696888205e-44
4.824108704165371186e+00 3.870370976121052464e-44
5.111433483440167791e+00 3.805670494925320189e-44
5.415871378079473608e+00 3.689946502465696144e-44
5.738441648302395670e+00 3.506591890591077698e-44
6.080224261649424200e+00 3.248710139703620126e-44
6.442363508721373755e+00 2.907736307253694077e-44
6.826071834272389616e+00 2.491351020533578899e-44
7.232633896483537050e+00 2.014188446835792494e-44
7.663410868007458632e+00 1.497932875895807438e-44
8.119844993184013759e+00 9.801382619821559975e-45
8.603464416684504457e+00 4.947738773190192000e-45
9.115888299750823265e+00 1.074955257979913469e-45
9.658832241158703980e+00 9.336758619449628615e-47
1.023411402105453760e+01 3.584983149324562187e-47
1.084365968689610860e+01 2.116002703923487431e-47
1.148951000187309823e+01 1.420275442451257913e-47
1.217382727739662052e+01 1.024915354292019378e-47
1.289890261253309411e+01 7.783940894947690596e-48
1.366716356462007376e+01 6.154962208138778767e-48
1.448118227674534531e+01 5.029912656525379445e-48
1.534368408930013139e+01 4.226991029273221843e-48
1.625755666443794922e+01 3.639694533056312359e-48
1.722585965398787522e+01 3.201167014620644295e-48
1.825183494319044186e+01 2.867755038959174851e-48
1.933891750455232028e+01 2.611491138870955292e-48
2.049074689815848060e+01 2.412533832851151172e-48
2.171117945694505380e+01 2.257411900972159482e-48
2.300430119772919113e+01 2.135385532045657996e-48
2.437444150122221842e+01 2.040543368720311688e-48
2.582618760682677461e+01 1.966483000951257334e-48
2.736439997074672092e+01 1.909573416392776955e-48
2.899422853882878215e+01 1.866626877075655020e-48
3.072112998861759081e+01 1.835694190832968890e-48
3.255088599835060137e+01 1.814523414507891646e-48
3.448962260405759395e+01 1.802048240497670173e-48
3.654383070957258184e+01 1.797152654235173418e-48
3.872038781812557318e+01 1.799066527636842309e-48
4.102658105827194390e+01 1.806950821099651004e-48
4.347013158125026422e+01 1.820718830264487752e-48
4.605922041145108636e+01 1.840177908894901187e-48
4.880251583654433745e+01 1.864729177725382149e-48
5.170920242896760755e+01 1.894563993356501898e-48
5.478901179593945159e+01 1.929200195122815902e-48
5.805225516094901650e+01 1.969852576891179919e-48
6.150985788580504021e+01 2.014905282488409571e-48
6.517339604882427295e+01 2.065797004630556620e-48
6.905513520162330110e+01 2.122702141357360426e-48
7.316807143427199378e+01 2.185135320854213430e-48
7.752597488629464806e+01 2.253678110298316830e-48
8.214343584919430441e+01 2.328910968174769829e-48
8.703591361485165123e+01 2.410460999990083201e-48
9.221978823334330855e+01 2.498966509212673276e-48
9.771241535346501905e+01 2.594813704220907946e-48
1.035321843295662632e+02 2.697937796975305537e-48
1.096985797892384085e+02 2.809643827165496830e-48
1.162322468679852960e+02 2.929465620875912252e-48
1.231550603292826196e+02 3.056636476904852409e-48
1.304901978014403028e+02 3.194296661939628777e-48
1.382622173764656281e+02 3.341011603548908243e-48
1.464971398307286279e+02 3.497598059398564382e-48
1.552225357427047925e+02 3.664311069338205512e-48
1.644676177994664386e+02 3.842694409842585649e-48
1.742633386009650849e+02 4.032443834801243687e-48
1.846424942895544348e+02 4.234129841443398635e-48
1.956398343517064689e+02 4.448077774320182295e-48
2.072921779595371845e+02 4.677132597505382508e-48
2.196385372416546886e+02 4.919243025040745856e-48
2.327202478960409735e+02 5.177619775739384503e-48
2.465811075822603868e+02 5.451683895871839991e-48
2.612675225563328922e+02 5.743034653215443249e-48
2.768286630392066741e+02 6.051078465309097917e-48
2.933166278390045250e+02 6.379023526356856574e-48
3.107866187782013867e+02 6.727432259373770978e-48
3.292971255097151584e+02 7.095351225965357393e-48
3.489101213406773923e+02 7.486894682235049071e-48
3.696912707195028247e+02 7.900728632648040868e-48
3.917101490809260440e+02 8.343376467938038695e-48
4.150404757850476472e+02 8.810988457875999228e-48
4.397603609302720997e+02 9.304728267440858300e-48
4.659525668664682030e+02 9.830433746513153706e-48
4.937047852839003781e+02 1.038618267486443635e-47
5.231099308056263908e+02 1.097541181960376632e-47
5.542664520663107623e+02 1.160063192534406997e-47
5.872786613189482523e+02 1.226447485888728327e-47
6.222570836730230894e+02 1.296701443409016619e-47
6.593188271333548300e+02 1.371125512332602189e-47
6.985879746785249154e+02 1.450065973463218095e-47
7.401959996915644524e+02 1.533958851799290367e-47
7.842822061337682271e+02 1.622654118299567184e-47
8.309941949353395785e+02 1.716644418156326650e-47
8.804883581643464368e+02 1.815926447428945196e-47
9.329304026284686415e+02 1.921193888335864460e-47
9.884959046625585870e+02 2.033086510556582268e-47
1.047370897959450758e+03 2.151716757601149309e-47
1.109752496412072105e+03 2.277159424440141878e-47
1.175849554052158055e+03 2.410382148137455137e-47
1.245883364295008050e+03 2.551842695384022511e-47
1.320088400831419449e+03 2.701425149993997567e-47
1.398713102647238657e+03 2.859382046784495176e-47
1.482020705798860035e+03 3.026843171568882191e-47
1.570290124729377567e+03 3.204522643799223684e-47
1.663816886076130686e+03 3.393104698823487651e-47
1.762914118095947970e+03 3.592991634599205171e-47
1.867913599020784659e+03 3.804890745068111108e-47
1.979166867853557278e+03 4.028288923418297442e-47
2.097046401323234932e+03 4.265426426644792366e-47
2.221946860939523958e+03 4.517061646953098840e-47
2.354286414322420114e+03 4.784204958166424610e-47
2.494508135230316384e+03 5.067221791375607685e-47
2.643081486974108429e+03 5.365843788340752771e-47
2.800503894183631019e+03 5.682497812474669536e-47
2.967302408188872505e+03 6.018575775098934774e-47
3.144035471591500027e+03 6.375405297648711706e-47
3.331294787934677061e+03 6.753503975424337957e-47
3.529707302730650099e+03 7.152128326810313153e-47
3.739937302478801485e+03 7.575167475297042302e-47
3.962688638701478339e+03 8.024339951164852546e-47
4.198707084443914027e+03 8.500803076167410631e-47
4.448782831127585268e+03 9.005133121053301848e-47
4.713753134116728688e+03 9.537590613425213302e-47
4.994505115855139593e+03 1.010297758617109886e-46
5.291978735958447032e+03 1.070360208531861996e-46
5.607169938205458493e+03 1.133992162722288848e-46
5.941133984965039417e+03 1.201139676032211656e-46
6.294988990221887434e+03 1.272315447872637372e-46
6.669919663030128504e+03 1.347901076060856506e-46
7.067181273927491020e+03 1.428216483404392344e-46
7.488103857590030202e+03 1.512979643636474254e-46
7.934096665797492278e+03 1.602634648841678187e-46
8.406652885618334039e+03 1.697708211996151418e-46
8.907354638610438997e+03 1.798787442016251776e-46
9.437878277775391325e+03 1.905818571188981399e-46
1.000000000000000000e+04 2.018850306997281177e-46
