1.000000000000000056e-01 4.652933644357462380e-44
1.059560179277615893e-01 5.085669784221847063e-44
1.122667773510813566e-01 5.595988513487934195e-44
1.189534067370319470e-01 6.182417042337913376e-44
1.260382929679727537e-01 6.859185525411646829e-44
1.335451562929898806e-01 7.607577783411493451e-44
1.414991297434576023e-01 8.445581062908965664e-44
1.499268432786045602e-01 9.375883334720020476e-44
1.588565129428052836e-01 1.039019917940937632e-43
1.683180353330956669e-01 1.147593782683313489e-43
1.783430876931909326e-01 1.259978188792513162e-43
1.889652339691209604e-01 1.369946424308690421e-43
2.002200371815584523e-01 1.478962203738945975e-43
2.121451784910629856e-01 1.573877392514831232e-43
2.247805833548725263e-01 1.655368095933431570e-43
2.381685551976158166e-01 1.718774037163392516e-43
2.523539170434765944e-01 1.764819580700625400e-43
2.673841615839946395e-01 1.795622311093776210e-43
2.833096101839324144e-01 1.807778486966812612e-43
3.001835813575589040e-01 1.818229783729762270e-43
3.180625692794120107e-01 1.820322965137012970e-43
3.370064329271929005e-01 1.825444663495034251e-43
3.570785964900463627e-01 1.839170632122303908e-43
3.783462617131930217e-01 1.857318000040071576e-43
4.008806328898465443e-01 1.882358576734806680e-43
4.247571552536899553e-01 1.913151074005397856e-43
4.500557675700498916e-01 1.943236076804248735e-43
4.768611697714470465e-01 1.956289975295427134e-43
5.052631065335680960e-01 1.941990770508080195e-43
5.353566677410726005e-01 1.881895851063477239e-43
5.672426068491979168e-01 1.776890385591522625e-43
6.010276782070382851e-01 1.630382083186768099e-43
6.368249944718588074e-01 1.447874286569350324e-43
6.747544053110694495e-01 1.247298788715523312e-43
7.149428986597579083e-01 1.039997565117493344e-43
7.575250258771913936e-01 8.402637447130462867e-44
8.026433522257175879e-01 6.625868993862467272e-44
8.504489341802679014e-01 5.115008207274071243e-44
9.011018251665020573e-01 3.893744594635172141e-44
9.547716114208059102e-01 2.960814185744022573e-44
1.011637979766207618e+00 2.261653278373353014e-44
1.071891319205128035e+00 1.754164393811502094e-44
1.135733358343105737e+00 1.392105247805476113e-44
1.203377840777589913e+00 1.137880996947616910e-44
1.275051240713013456e+00 9.556640000686480214e-45
1.350993521198027292e+00 8.281575358699767342e-45
1.431458937523479191e+00 7.374995435950788841e-45
1.516716888470923230e+00 6.735196778930709995e-45
1.607052818261639260e+00 6.294365875511646327e-45
1.702769172225900407e+00 5.987133308268816302e-45
1.804186409392072754e+00 5.790863811934063953e-45
1.911644075385702690e+00 5.674952583551107006e-45
2.025501939230667681e+00 5.628077299697225109e-45
2.146141197858404848e+00 5.640890856528128923e-45
2.273965752357928860e+00 5.687985187365973613e-45
2.409403560239525621e+00 5.783570471341900404e-45
2.552908068239517991e+00 5.896838066032427747e-45
2.704959730463135870e+00 6.041583089005436933e-45
2.866067616948251739e+00 6.206799586649078840e-45
3.036771118035459072e+00 6.389792635389244568e-45
3.217641750250737065e+00 6.582396831801112819e-45
3.409285069746812891e+00 6.780438573735284809e-45
3.612342699709432114e+00 6.977816584286521105e-45
3.827494478516312970e+00 7.163365337209682763e-45
4.055460735840830111e+00 7.332251188301823691e-45
4.297004704320841917e+00 7.473892571061529055e-45
4.552935074866949705e+00 7.573312329110054820e-45
4.824108704165371186e+00 7.600450867195593719e-45
5.111433483440167791e+00 7.540068152393349940e-45
5.415871378079473608e+00 7.362128743195236871e-45
5.738441648302395670e+00 6.993351683197778545e-45
6.080224261649424200e+00 6.391814740110554094e-45
6.442363508721373755e+00 5.469124516586847909e-45
6.826071834272389616e+00 4.241403767145413149e-45
7.232633896483537050e+00 2.830708759860960737e-45
7.663410868007458632e+00 1.447472333317533455e-45
8.119844993184013759e+00 4.302603049557477308e-46
8.603464416684504457e+00 2.987174790172985348e-47
9.115888299750823265e+00 1.704836048591252100e-47
9.658832241158703980e+00 1.063258981031373583e-47
1.023411402105453760e+01 7.026478490482621407e-48
1.084365968689610860e+01 4.870109558933699983e-48
1.148951000187309823e+01 3.518081365350718994e-48
1.217382727739662052e+01 2.638845130336338838e-48
1.289890261253309411e+01 2.047915230841326229e-48
1.366716356462007376e+01 1.641295910335958332e-48
1.448118227674534531e+01 1.354210648515212442e-48
1.534368408930013139e+01 1.147752390018678324e-48
1.625755666443794922e+01 9.963759552821440609e-49
1.722585965398787522e+01 8.836250086798249798e-49
1.825183494319044186e+01 7.991801084200042239e-49
1.933891750455232028e+01 7.346422209381029565e-49
2.049074689815848060e+01 6.855277541146416548e-49
2.171117945694505380e+01 6.481356817172431282e-49
2.300430119772919113e+01 6.191489417470900653e-49
2.437444150122221842e+01 5.974821526453715543e-49
2.582618760682677461e+01 5.811385951604019301e-49
2.736439997074672092e+01 5.693469316371943055e-49
2.899422853882878215e+01 5.612740679263224478e-49
3.072112998861759081e+01 5.562638087671309035e-49
3.255088599835060137e+01 5.541211900206561845e-49
3.448962260405759395e+01 5.540718815913371936e-49
3.654383070957258184e+01 5.558689401061690058e-49
3.872038781812557318e+01 5.598536051338887385e-49
4.102658105827194390e+01 5.654787612749151780e-49
4.347013158125026422e+01 5.724859579801821091e-49
4.605922041145108636e+01 5.810011475765598842e-49
4.880251583654433745e+01 5.912802896118055681e-49
5.170920242896760755e+01 6.030429555027761974e-49
5.478901179593945159e+01 6.161751668329365273e-49
5.805225516094901650e+01 6.308498265601788753e-49
6.150985788580504021e+01 6.470494847402011303e-49
6.517339604882427295e+01 6.652880208129611050e-49
6.905513520162330110e+01 6.848219920049492384e-49
7.316807143427199378e+01 7.063165926335368956e-49
7.752597488629464806e+01 7.297423857229310830e-49
8.214343584919430441e+01 7.552091192924902169e-49
8.703591361485165123e+01 7.828300877067413043e-49
9.221978823334330855e+01 8.126546349928869696e-49
9.771241535346501905e+01 8.443818546538664775e-49
1.035321843295662632e+02 8.791777044762096695e-49
1.096985797892384085e+02 9.158709019545920847e-49
1.162322468679852960e+02 9.555433098710995945e-49
1.231550603292826196e+02 9.982040711561841764e-49
1.304901978014403028e+02 1.043393537667787778e-48
1.382622173764656281e+02 1.091564874319425095e-48
1.464971398307286279e+02 1.143368777825571248e-48
1.552225357427047925e+02 1.198341390482329886e-48
1.644676177994664386e+02 1.257140558512658897e-48
1.742633386009650849e+02 1.319471614772954710e-48
1.846424942895544348e+02 1.386194499388728798e-48
1.956398343517064689e+02 1.456981056354599862e-48
2.072921779595371845e+02 1.532394503506248343e-48
2.196385372416546886e+02 1.611821882557330148e-48
2.327202478960409735e+02 1.696490953455240024e-48
2.465811075822603868e+02 1.786850172388906929e-48
2.612675225563328922e+02 1.882553299551509237e-48
2.768286630392066741e+02 1.983775953291338820e-48
2.933166278390045250e+02 2.091547433851276978e-48
3.107866187782013867e+02 2.206022190031232678e-48
3.292971255097151584e+02 2.326930678597838916e-48
3.489101213406773923e+02 2.456061473673809288e-48
3.696912707195028247e+02 2.591922648334542585e-48
3.917101490809260440e+02 2.736647947095769814e-48
4.150404757850476472e+02 2.890620239871319489e-48
4.397603609302720997e+02 3.052397288539321589e-48
4.659525668664682030e+02 3.225715659190028387e-48
4.937047852839003781e+02 3.407621674011583019e-48
5.231099308056263908e+02 3.602718064665963237e-48
5.542664520663107623e+02 3.806324146096075312e-48
5.872786613189482523e+02 4.025604460024270552e-48
6.222570836730230894e+02 4.255208436571288292e-48
6.593188271333548300e+02 4.501409985836885722e-48
6.985879746785249154e+02 4.758496031643803174e-48
7.401959996915644524e+02 5.034938005728586682e-48
7.842822061337682271e+02 5.324577573494636947e-48
8.309941949353395785e+02 5.634699156499270992e-48
8.804883581643464368e+02 5.960008712106179351e-48
9.329304026284686415e+02 6.307260970281377147e-48
9.884959046625585870e+02 6.674694562484420866e-48
1.047370897959450758e+03 7.063422695806668588e-48
1.109752496412072105e+03 7.476919618525975460e-48
1.175849554052158055e+03 7.910841857635398695e-48
1.245883364295008050e+03 8.377663921289583964e-48
1.320088400831419449e+03 8.865387181998678641e-48
1.398713102647238657e+03 9.387242289294742474e-48
1.482020705798860035e+03 9.936132019569097042e-48
1.570290124729377567e+03 1.051972969009747766e-47
1.663816886076130686e+03 1.114149484299946338e-47
1.762914118095947970e+03 1.179377100728633807e-47
1.867913599020784659e+03 1.249169764069245980e-47
1.979166867853557278e+03 1.322328550208685736e-47
2.097046401323234932e+03 1.400417847900006348e-47
2.221946860939523958e+03 1.483255810894285643e-47
2.354286414322420114e+03 1.570519983106407582e-47
2.494508135230316384e+03 1.663761691423383941e-47
2.643081486974108429e+03 1.761401990121290827e-47
2.800503894183631019e+03 1.865749986714867926e-47
2.967302408188872505e+03 1.976344104987584992e-47
3.144035471591500027e+03 2.092899151965367026e-47
3.331294787934677061e+03 2.217401068883563705e-47
3.529707302730650099e+03 2.347838779291260995e-47
3.739937302478801485e+03 2.487144083148030500e-47
3.962688638701478339e+03 2.635018164756770980e-47
4.198707084443914027e+03 2.790513161438692699e-47
4.448782831127585268e+03 2.956692045033361916e-47
4.713753134116728688e+03 3.131066383571954434e-47
4.994505115855139593e+03 3.316912446648182015e-47
5.291978735958447032e+03 3.514829491301712348e-47
5.607169938205458493e+03 3.722146795000489543e-47
5.941133984965039417e+03 3.943864243741251806e-47
6.294988990221887434e+03 4.177317323356736979e-47
6.669919663030128504e+03 4.424908435727598823e-47
7.067181273927491020e+03 4.689564968945647105e-47
7.488103857590030202e+03 4.966447766456089960e-47
7.934096665797492278e+03 5.262010120568508979e-47
8.406652885618334039e+03 5.575144938884624043e-47
8.907354638610438997e+03 5.904674811477648174e-47
9.437878277775391325e+03 6.257942776914408368e-47
1.000000000000000000e+04 6.628876872934854288e-47
