1.000000000000000056e-01 1.445177935722538017e-45
1.059560179277615893e-01 1.661840435819804069e-45
1.122667773510813566e-01 1.891650702563707779e-45
1.189534067370319470e-01 2.141324564329572411e-45
1.260382929679727537e-01 2.412768604601968957e-45
1.335451562929898806e-01 2.706406301926622123e-45
1.414991297434576023e-01 3.023501812447260993e-45
1.499268432786045602e-01 3.360465496393599675e-45
1.588565129428052836e-01 3.714854723251707862e-45
1.683180353330956669e-01 4.082289379082341739e-45
1.783430876931909326e-01 4.454942449456421748e-45
1.889652339691209604e-01 4.831926822226176594e-45
2.002200371815584523e-01 5.209556774089870546e-45
2.121451784910629856e-01 5.593028825741753316e-45
2.247805833548725263e-01 5.994128432247709623e-45
2.381685551976158166e-01 6.432645529317086329e-45
2.523539170434765944e-01 6.953165423848125517e-45
2.673841615839946395e-01 7.580260399051982536e-45
2.833096101839324144e-01 8.350440598783937365e-45
3.001835813575589040e-01 9.262648777604422713e-45
3.180625692794120107e-01 1.028429341077081004e-44
3.370064329271929005e-01 1.140218776814896060e-44
3.570785964900463627e-01 1.257728653375792072e-44
3.783462617131930217e-01 1.379894938828036751e-44
4.008806328898465443e-01 1.503978607798436419e-44
4.247571552536899553e-01 1.624391654956404005e-44
4.500557675700498916e-01 1.736828737406596024e-44
4.768611697714470465e-01 1.830935968843940687e-44
5.052631065335680960e-01 1.895735853917072642e-44
5.353566677410726005e-01 1.919474368170694454e-44
5.672426068491979168e-01 1.895400238329019591e-44
6.010276782070382851e-01 1.824449841732134654e-44
6.368249944718588074e-01 1.712568521392808973e-44
6.747544053110694495e-01 1.568074088119895218e-44
7.149428986597579083e-01 1.398887524639542441e-44
7.575250258771913936e-01 1.212173331760171144e-44
8.026433522257175879e-01 1.016053540754260102e-44
8.504489341802679014e-01 8.219273131858846069e-45
9.011018251665020573e-01 6.411978807956543620e-45
9.547716114208059102e-01 4.832316815769554919e-45
1.011637979766207618e+00 3.521810157260584103e-45
1.071891319205128035e+00 2.464283485736051527e-45
1.135733358343105737e+00 1.463010041239158768e-45
1.203377840777589913e+00 2.101584936166712093e-46
1.275051240713013456e+00 1.786168528620579224e-46
1.350993521198027292e+00 1.558569170128954924e-46
1.431458937523479191e+00 1.387277569565520482e-46
1.516716888470923230e+00 1.250422297767852856e-46
1.607052818261639260e+00 1.135086785302878445e-46
1.702769172225900407e+00 1.041242698357869229e-46
1.804186409392072754e+00 9.607427504965351874e-47
1.911644075385702690e+00 8.926286171774509736e-47
2.025501939230667681e+00 8.331262174501981796e-47
2.146141197858404848e+00 7.817215897283093954e-47
2.273965752357928860e+00 7.370504209622889494e-47
2.409403560239525621e+00 6.958439625256497633e-47
2.552908068239517991e+00 6.571134823054600748e-47
2.704959730463135870e+00 8.687388519483406327e-46
2.866067616948251739e+00 9.977365440028305395e-46
3.036771118035459072e+00 1.103924762657748566e-45
3.217641750250737065e+00 1.198190744368787873e-45
3.409285069746812891e+00 1.284580696485940152e-45
3.612342699709432114e+00 1.363669454174868221e-45
3.827494478516312970e+00 1.433973053783979567e-45
4.055460735840830111e+00 1.495774391856893195e-45
4.297004704320841917e+00 1.545646905932633755e-45
4.552935074866949705e+00 1.581325052392256816e-45
4.824108704165371186e+00 1.599208377758607961e-45
5.111433483440167791e+00 1.593795476860961337e-45
5.415871378079473608e+00 1.559766191337645762e-45
5.738441648302395670e+00 1.485669114597584104e-45
6.080224261649424200e+00 1.359275638472154641e-45
6.442363508721373755e+00 1.154641064680807129e-45
6.826071834272389616e+00 8.599659451780553108e-46
7.232633896483537050e+00 4.044407021741704692e-46
7.663410868007458632e+00 2.888075109733992687e-47
8.119844993184013759e+00 1.725795367155265618e-47
8.603464416684504457e+00 1.031637245480069055e-47
9.115888299750823265e+00 6.245903939212908492e-48
9.658832241158703980e+00 3.847487672504123434e-48
1.023411402105453760e+01 2.400082387057127145e-48
1.084365968689610860e+01 1.483104695821686692e-48
1.148951000187309823e+01 2.852293787444076113e-49
1.217382727739662052e+01 2.304102901127824164e-49
1.289890261253309411e+01 1.863328903067844101e-49
1.366716356462007376e+01 1.554826268438399314e-49
1.448118227674534531e+01 1.335390473315616332e-49
1.534368408930013139e+01 1.175693228769881215e-49
1.625755666443794922e+01 1.060361047709762966e-49
1.722585965398787522e+01 9.809054249596403583e-50
1.825183494319044186e+01 9.327801830320624686e-50
1.933891750455232028e+01 9.332499605960131649e-50
2.049074689815848060e+01 1.765459663130036117e-49
2.171117945694505380e+01 1.898846673351146165e-49
2.300430119772919113e+01 1.966206520017497108e-49
2.437444150122221842e+01 2.012850575009177251e-49
2.582618760682677461e+01 2.050720378674138548e-49
2.736439997074672092e+01 2.086270609470224806e-49
2.899422853882878215e+01 2.121508850864592919e-49
3.072112998861759081e+01 2.157903723525622260e-49
3.255088599835060137e+01 2.195839343858085718e-49
3.448962260405759395e+01 2.236455419998062109e-49
3.654383070957258184e+01 2.279647448075223389e-49
3.872038781812557318e+01 2.326194306725343185e-49
4.102658105827194390e+01 2.375773355926022813e-49
4.347013158125026422e+01 2.429357911579017773e-49
4.605922041145108636e+01 2.486340644622970489e-49
4.880251583654433745e+01 2.547473105673175292e-49
5.170920242896760755e+01 2.613349425672238202e-49
5.478901179593945159e+01 2.683695901500898296e-49
5.805225516094901650e+01 2.759530871312117254e-49
6.150985788580504021e+01 2.842059348347014098e-49
6.517339604882427295e+01 2.931180875203083374e-49
6.905513520162330110e+01 3.026299566069971415e-49
7.316807143427199378e+01 3.128744008408330874e-49
7.752597488629464806e+01 3.238938529125444713e-49
8.214343584919430441e+01 3.357652190202929094e-49
8.703591361485165123e+01 3.485687607193930475e-49
9.221978823334330855e+01 3.622536791659618476e-49
9.771241535346501905e+01 3.769015002474036514e-49
1.035321843295662632e+02 3.926235545292262700e-49
1.096985797892384085e+02 4.096281860434077951e-49
1.162322468679852960e+02 4.275613957253087974e-49
1.231550603292826196e+02 4.467480016113719991e-49
1.304901978014403028e+02 4.674725651421491247e-49
1.382622173764656281e+02 4.892666741895726564e-49
1.464971398307286279e+02 5.128155221570470745e-49
1.552225357427047925e+02 5.375294860730208122e-49
1.644676177994664386e+02 5.642140428158427855e-49
1.742633386009650849e+02 5.922118929560320639e-49
1.846424942895544348e+02 6.223798223431327395e-49
1.956398343517064689e+02 6.540111010403642460e-49
2.072921779595371845e+02 6.880218973793543614e-49
2.196385372416546886e+02 7.239345266404934398e-49
2.327202478960409735e+02 7.620540717062948114e-49
2.465811075822603868e+02 8.028155089634644250e-49
2.612675225563328922e+02 8.455620597037666590e-49
2.768286630392066741e+02 8.913167609439997260e-49
2.933166278390045250e+02 9.400088527874970065e-49
3.107866187782013867e+02 9.910933332047421264e-49
3.292971255097151584e+02 1.045697299629929380e-48
3.489101213406773923e+02 1.103766761162476347e-48
3.696912707195028247e+02 1.164764798840445727e-48
3.917101490809260440e+02 1.229902198924457906e-48
4.150404757850476472e+02 1.299010648942593710e-48
4.397603609302720997e+02 1.372143650287861019e-48
4.659525668664682030e+02 1.449422142238022286e-48
4.937047852839003781e+02 1.531612639250307324e-48
5.231099308056263908e+02 1.618981623032981561e-48
5.542664520663107623e+02 1.711049550171047959e-48
5.872786613189482523e+02 1.808853467879549201e-48
6.222570836730230894e+02 1.912587812717989476e-48
6.593188271333548300e+02 2.022831961480110414e-48
6.985879746785249154e+02 2.139033024389707399e-48
7.401959996915644524e+02 2.262475643984086914e-48
7.842822061337682271e+02 2.393300552258686271e-48
8.309941949353395785e+02 2.532277818359442905e-48
8.804883581643464368e+02 2.679163731629582428e-48
9.329304026284686415e+02 2.834601657058802555e-48
9.884959046625585870e+02 2.999724008355505590e-48
1.047370897959450758e+03 3.174653090740394252e-48
1.109752496412072105e+03 3.360275802785150299e-48
1.175849554052158055e+03 3.556121333903486322e-48
1.245883364295008050e+03 3.764267301765838014e-48
1.320088400831419449e+03 3.984679972081058003e-48
1.398713102647238657e+03 4.218722618096064504e-48
1.482020705798860035e+03 4.466302702079355947e-48
1.570290124729377567e+03 4.728276043962046084e-48
1.663816886076130686e+03 5.006214926040587390e-48
1.762914118095947970e+03 5.300573829011433518e-48
1.867913599020784659e+03 5.613332386831390416e-48
1.979166867853557278e+03 5.943555824674475184e-48
2.097046401323234932e+03 6.293805828392412978e-48
2.221946860939523958e+03 6.665115658503204363e-48
2.354286414322420114e+03 7.058221157249812902e-48
2.494508135230316384e+03 7.475998625034490300e-48
2.643081486974108429e+03 7.916796943238016804e-48
2.800503894183631019e+03 8.384818209855569381e-48
2.967302408188872505e+03 8.880736407415824499e-48
3.144035471591500027e+03 9.405728243694978268e-48
3.331294787934677061e+03 9.963655644558505835e-48
3.529707302730650099e+03 1.055241292097390601e-47
3.739937302478801485e+03 1.117757185838710283e-47
3.962688638701478339e+03 1.183977108421382147e-47
4.198707084443914027e+03 1.254090799445173009e-47
4.448782831127585268e+03 1.328587302481106730e-47
4.713753134116728688e+03 1.407261649898781444e-47
4.994505115855139593e+03 1.490741645547782932e-47
5.291978735958447032e+03 1.579153406715055353e-47
5.607169938205458493e+03 1.672792905350306369e-47
5.941133984965039417e+03 1.772251514358487739e-47
6.294988990221887434e+03 1.877410963616262203e-47
6.669919663030128504e+03 1.988848998868748125e-47
7.067181273927491020e+03 2.106895183092124209e-47
7.488103857590030202e+03 2.231982174268517592e-47
7.934096665797492278e+03 2.364728003757812430e-47
8.406652885618334039e+03 2.505244165882003350e-47
8.907354638610438997e+03 2.654007306318059390e-47
9.437878277775391325e+03 2.811734849640474972e-47
1.000000000000000000e+04 2.978797898478698480e-47
