1.000000000000000056e-01 4.398672804314629518e-45
1.059560179277615893e-01 4.824747020613330155e-45
1.122667773510813566e-01 5.313209647643987430e-45
1.189534067370319470e-01 5.872142168254937576e-45
1.260382929679727537e-01 6.505744686196896955e-45
1.335451562929898806e-01 7.216031139196183040e-45
1.414991297434576023e-01 8.010234448497446348e-45
1.499268432786045602e-01 8.883828906632377112e-45
1.588565129428052836e-01 9.844703705079251627e-45
1.683180353330956669e-01 1.088783342524836323e-44
1.783430876931909326e-01 1.200516866692347353e-44
1.889652339691209604e-01 1.319691912576967919e-44
2.002200371815584523e-01 1.443592831241438388e-44
2.121451784910629856e-01 1.571348970554904043e-44
2.247805833548725263e-01 1.700348571712751767e-44
2.381685551976158166e-01 1.827519403171146433e-44
2.523539170434765944e-01 1.953653787662459914e-44
2.673841615839946395e-01 2.076730160122299951e-44
2.833096101839324144e-01 2.199894271947874287e-44
3.001835813575589040e-01 2.325251761217408582e-44
3.180625692794120107e-01 2.454712932178704222e-44
3.370064329271929005e-01 2.592755745042137465e-44
3.570785964900463627e-01 2.738544047915010047e-44
3.783462617131930217e-01 2.893856410207758907e-44
4.008806328898465443e-01 3.057290245624141784e-44
4.247571552536899553e-01 3.221472932928669550e-44
4.500557675700498916e-01 3.378835656471786676e-44
4.768611697714470465e-01 3.508445707473995108e-44
5.052631065335680960e-01 3.586612620535629194e-44
5.353566677410726005e-01 3.586051718427549953e-44
5.672426068491979168e-01 3.487957409840726970e-44
6.010276782070382851e-01 3.300246456786140201e-44
6.368249944718588074e-01 3.041868013015912495e-44
6.747544053110694495e-01 2.737579122755990478e-44
7.149428986597579083e-01 2.406433500195878071e-44
7.575250258771913936e-01 2.062469913145730184e-44
8.026433522257175879e-01 1.720621880416500280e-44
8.504489341802679014e-01 1.396727557535118725e-44
9.011018251665020573e-01 1.107266914569513320e-44
9.547716114208059102e-01 8.630068192625292193e-45
1.011637979766207618e+00 6.670853143690511758e-45
1.071891319205128035e+00 5.167740405439111932e-45
1.135733358343105737e+00 4.049882334982165534e-45
1.203377840777589913e+00 3.238050383799710724e-45
1.275051240713013456e+00 2.659609960125798343e-45
1.350993521198027292e+00 2.251707658755962662e-45
1.431458937523479191e+00 1.970750131287548495e-45
1.516716888470923230e+00 1.782002776759042622e-45
1.607052818261639260e+00 1.661158278461959271e-45
1.702769172225900407e+00 1.592128141016972086e-45
1.804186409392072754e+00 1.560552546575204530e-45
1.911644075385702690e+00 1.558629476393957117e-45
2.025501939230667681e+00 1.578654327015929359e-45
2.146141197858404848e+00 1.615453022973812223e-45
2.273965752357928860e+00 1.666464018397889474e-45
2.409403560239525621e+00 1.727284728514342493e-45
2.552908068239517991e+00 1.796842590163648053e-45
2.704959730463135870e+00 1.873271381653569482e-45
2.866067616948251739e+00 1.953808700099192528e-45
3.036771118035459072e+00 2.038144886279126387e-45
3.217641750250737065e+00 2.123129262691718105e-45
3.409285069746812891e+00 2.207648422292747726e-45
3.612342699709432114e+00 2.289446869366370558e-45
3.827494478516312970e+00 2.364837239705771227e-45
4.055460735840830111e+00 2.432079998721267396e-45
4.297004704320841917e+00 2.486010816438697977e-45
4.552935074866949705e+00 2.522858927145427998e-45
4.824108704165371186e+00 2.536638444080170654e-45
5.111433483440167791e+00 2.518857428675667984e-45
5.415871378079473608e+00 2.460441990659698670e-45
5.738441648302395670e+00 2.343479828553113784e-45
6.080224261649424200e+00 2.144813950192863530e-45
6.442363508721373755e+00 1.827110568624330628e-45
6.826071834272389616e+00 1.390909655617269041e-45
7.232633896483537050e+00 8.824353150063494823e-46
7.663410868007458632e+00 4.329331743516985037e-47
8.119844993184013759e+00 2.434592274081994567e-47
8.603464416684504457e+00 1.437458069515854026e-47
9.115888299750823265e+00 8.808253398065316806e-48
9.658832241158703980e+00 5.601090998513257675e-48
1.023411402105453760e+01 3.691541744322972110e-48
1.084365968689610860e+01 2.517259159332972086e-48
1.148951000187309823e+01 1.777598798937430731e-48
1.217382727739662052e+01 1.301771257247737423e-48
1.289890261253309411e+01 9.883432101535875231e-49
1.366716356462007376e+01 7.797274361230988595e-49
1.448118227674534531e+01 6.386460854472087576e-49
1.534368408930013139e+01 5.413299856839881652e-49
1.625755666443794922e+01 4.736029282695412510e-49
1.722585965398787522e+01 4.255258788264462653e-49
1.825183494319044186e+01 3.907954407822161948e-49
1.933891750455232028e+01 3.656092038211557591e-49
2.049074689815848060e+01 3.471737546672411417e-49
2.171117945694505380e+01 3.336494725840903344e-49
2.300430119772919113e+01 3.239409463965002169e-49
2.437444150122221842e+01 3.171404585468261368e-49
2.582618760682677461e+01 3.126154914399939749e-49
2.736439997074672092e+01 3.099534617649048542e-49
2.899422853882878215e+01 3.088457309143038871e-49
3.072112998861759081e+01 3.090155140439697137e-49
3.255088599835060137e+01 3.102798965541796947e-49
3.448962260405759395e+01 3.125158219047373047e-49
3.654383070957258184e+01 3.156295560343783992e-49
3.872038781812557318e+01 3.196156653959075102e-49
4.102658105827194390e+01 3.242785257404160083e-49
4.347013158125026422e+01 3.298052356952659919e-49
4.605922041145108636e+01 3.359587566111019542e-49
4.880251583654433745e+01 3.429658392914051348e-49
5.170920242896760755e+01 3.506764958300582456e-49
5.478901179593945159e+01 3.591734646812617049e-49
5.805225516094901650e+01 3.685063892567635540e-49
6.150985788580504021e+01 3.787792625162671836e-49
6.517339604882427295e+01 3.899278036868547903e-49
6.905513520162330110e+01 4.020388295251878168e-49
7.316807143427199378e+01 4.151851370017840068e-49
7.752597488629464806e+01 4.294069406590703055e-49
8.214343584919430441e+01 4.447542081419726576e-49
8.703591361485165123e+01 4.612905445587145310e-49
9.221978823334330855e+01 4.791919309122451318e-49
9.771241535346501905e+01 4.984412318803433521e-49
1.035321843295662632e+02 5.190149592914292878e-49
1.096985797892384085e+02 5.410061035289323393e-49
1.162322468679852960e+02 5.647668397231989426e-49
1.231550603292826196e+02 5.900268351751596307e-49
1.304901978014403028e+02 6.169754946012808996e-49
1.382622173764656281e+02 6.458765394400608932e-49
1.464971398307286279e+02 6.764886533610344976e-49
1.552225357427047925e+02 7.094011376478670963e-49
1.644676177994664386e+02 7.441205478451035878e-49
1.742633386009650849e+02 7.813826366014603057e-49
1.846424942895544348e+02 8.207226149965329067e-49
1.956398343517064689e+02 8.628566191375431970e-49
2.072921779595371845e+02 9.073708223535440865e-49
2.196385372416546886e+02 9.548569089099779937e-49
2.327202478960409735e+02 1.005219358214959941e-48
2.465811075822603868e+02 1.058427874581472108e-48
2.612675225563328922e+02 1.115374770954608109e-48
2.768286630392066741e+02 1.175623952601636267e-48
2.933166278390045250e+02 1.239298986648504874e-48
3.107866187782013867e+02 1.307290044352921861e-48
3.292971255097151584e+02 1.379214545713876108e-48
3.489101213406773923e+02 1.455212451140345865e-48
3.696912707195028247e+02 1.536434616031133190e-48
3.917101490809260440e+02 1.622105940638673522e-48
4.150404757850476472e+02 1.712850537896135439e-48
4.397603609302720997e+02 1.809417498355285422e-48
4.659525668664682030e+02 1.911825112490179340e-48
4.937047852839003781e+02 2.020139009957438328e-48
5.231099308056263908e+02 2.134661830667159752e-48
5.542664520663107623e+02 2.256896515135668629e-48
5.872786613189482523e+02 2.386017806611382519e-48
6.222570836730230894e+02 2.522700092147340062e-48
6.593188271333548300e+02 2.667339727713743343e-48
6.985879746785249154e+02 2.821473565910648306e-48
7.401959996915644524e+02 2.984450784026840818e-48
7.842822061337682271e+02 3.156862337454647804e-48
8.309941949353395785e+02 3.339296455713952059e-48
8.804883581643464368e+02 3.533636454369742362e-48
9.329304026284686415e+02 3.739444335813471032e-48
9.884959046625585870e+02 3.956787048084335444e-48
1.047370897959450758e+03 4.187111731391946192e-48
1.109752496412072105e+03 4.431755350511233743e-48
1.175849554052158055e+03 4.691429359223158653e-48
1.245883364295008050e+03 4.965843786189485449e-48
1.320088400831419449e+03 5.256284591663698826e-48
1.398713102647238657e+03 5.563862373398703257e-48
1.482020705798860035e+03 5.891141922589989898e-48
1.570290124729377567e+03 6.237945964444769426e-48
1.663816886076130686e+03 6.604101923873612560e-48
1.762914118095947970e+03 6.992349099565360377e-48
1.867913599020784659e+03 7.403549449562759967e-48
1.979166867853557278e+03 7.840578915748547926e-48
2.097046401323234932e+03 8.303615375013840554e-48
2.221946860939523958e+03 8.792570367372745764e-48
2.354286414322420114e+03 9.311206681063625978e-48
2.494508135230316384e+03 9.860665812092540174e-48
2.643081486974108429e+03 1.044427371455110603e-47
2.800503894183631019e+03 1.106260338152737000e-47
2.967302408188872505e+03 1.171560115088610242e-47
3.144035471591500027e+03 1.240826610084158275e-47
3.331294787934677061e+03 1.314220823562603559e-47
3.529707302730650099e+03 1.392158341260877304e-47
3.739937302478801485e+03 1.474740887721741093e-47
3.962688638701478339e+03 1.561954791673942890e-47
4.198707084443914027e+03 1.654449385291341044e-47
4.448782831127585268e+03 1.752460532738176968e-47
4.713753134116728688e+03 1.856545543886765155e-47
4.994505115855139593e+03 1.966852441319607182e-47
5.291978735958447032e+03 2.083345972120938882e-47
5.607169938205458493e+03 2.206840512406926074e-47
5.941133984965039417e+03 2.337701408565325889e-47
6.294988990221887434e+03 2.476709857377303045e-47
6.669919663030128504e+03 2.624049944335531672e-47
7.067181273927491020e+03 2.779751139393566042e-47
7.488103857590030202e+03 2.944538589192510400e-47
7.934096665797492278e+03 3.119239687456329156e-47
8.406652885618334039e+03 3.304904062106749940e-47
8.907354638610438997e+03 3.501680891853221249e-47
9.437878277775391325e+03 3.709682253937143272e-47
1.000000000000000000e+04 3.929688148722947367e-47
