1.000000000000000056e-01 3.183859443058049687e-01
1.059560179277615893e-01 3.099188648638325216e-01
1.122667773510813566e-01 2.941227660299595148e-01
1.189534067370319470e-01 2.729263370479845241e-01
1.260382929679727537e-01 2.485200878577100980e-01
1.335451562929898806e-01 2.228732295010494857e-01
1.414991297434576023e-01 1.974563108276715662e-01
1.499268432786045602e-01 1.731954779860022386e-01
1.588565129428052836e-01 1.505856857287196371e-01
1.683180353330956669e-01 1.298534366553008856e-01
1.783430876931909326e-01 1.110936854139322194e-01
1.889652339691209604e-01 9.434925761599913252e-02
2.002200371815584523e-01 7.963492228454899236e-02
2.121451784910629856e-01 6.693194045915179524e-02
2.247805833548725263e-01 5.617208721551769646e-02
2.381685551976158166e-01 4.722946459689033455e-02
2.523539170434765944e-01 3.992597139855039168e-02
2.673841615839946395e-01 3.404526493455833913e-02
2.833096101839324144e-01 2.935445460857511943e-02
3.001835813575589040e-01 2.562543765363149359e-02
3.180625692794120107e-01 2.265346602528750183e-02
3.370064329271929005e-01 2.027150660409757568e-02
3.570785964900463627e-01 1.835602730707804400e-02
3.783462617131930217e-01 1.682754813411349581e-02
4.008806328898465443e-01 1.564622347362554233e-02
4.247571552536899553e-01 1.480747424948668928e-02
4.500557675700498916e-01 1.434032237405590167e-02
4.768611697714470465e-01 1.431087904209729297e-02
5.052631065335680960e-01 1.483150612569747277e-02
5.353566677410726005e-01 1.608176169935938288e-02
5.672426068491979168e-01 1.834005978086051397e-02
6.010276782070382851e-01 2.203764567548304604e-02
6.368249944718588074e-01 2.783030876492701561e-02
6.747544053110694495e-01 3.668797026988190879e-02
7.149428986597579083e-01 4.998919751805568079e-02
7.575250258771913936e-01 6.958392025154956639e-02
8.026433522257175879e-01 9.780548055890186943e-02
8.504489341802679014e-01 1.373741450040606993e-01
9.011018251665020573e-01 1.911812098933846626e-01
9.547716114208059102e-01 2.619495705613268943e-01
1.011637979766207618e+00 3.517999758515688025e-01
1.071891319205128035e+00 4.617729511428086409e-01
1.135733358343105737e+00 5.913535382233514603e-01
1.203377840777589913e+00 7.380629241415069819e-01
1.275051240713013456e+00 8.971901486242592760e-01
1.350993521198027292e+00 1.061778906490559837e+00
1.431458937523479191e+00 1.222984110024738058e+00
1.516716888470923230e+00 1.370899690294969941e+00
1.607052818261639260e+00 1.495843540088953816e+00
1.702769172225900407e+00 1.589894832042505923e+00
1.804186409392072754e+00 1.648276624469621865e+00
1.911644075385702690e+00 1.670100762153244656e+00
2.025501939230667681e+00 1.658172040290917693e+00
2.146141197858404848e+00 1.617942425768728265e+00
2.273965752357928860e+00 1.556082199875946426e+00
2.409403560239525621e+00 1.479237330162422204e+00
2.552908068239517991e+00 1.393297469705413683e+00
2.704959730463135870e+00 1.303145157217694639e+00
2.866067616948251739e+00 1.212643803150564636e+00
3.036771118035459072e+00 1.124667952336373400e+00
3.217641750250737065e+00 1.041142813734925676e+00
3.409285069746812891e+00 9.631520724092690333e-01
3.612342699709432114e+00 8.911776076846462669e-01
3.827494478516312970e+00 8.254106928217928019e-01
4.055460735840830111e+00 7.660712219694857383e-01
4.297004704320841917e+00 7.137128658878538756e-01
4.552935074866949705e+00 6.735813705376623162e-01
4.824108704165371186e+00 6.565114780147374152e-01
5.111433483440167791e+00 6.939004617525841301e-01
5.415871378079473608e+00 8.662944439759705517e-01
5.738441648302395670e+00 1.356716786650019380e+00
6.080224261649424200e+00 2.533726626712196506e+00
6.442363508721373755e+00 5.046827808901299228e+00
6.826071834272389616e+00 9.884391172609662490e+00
7.232633896483537050e+00 1.832308725530907978e+01
7.663410868007458632e+00 3.171491709170089024e+01
8.119844993184013759e+00 5.113595269550604883e+01
8.603464416684504457e+00 7.703680532355814137e+01
9.115888299750823265e+00 1.090853064887748758e+02
9.658832241158703980e+00 1.463257431833524436e+02
1.023411402105453760e+01 1.875982245766880681e+02
1.084365968689610860e+01 2.320127038576061693e+02
1.148951000187309823e+01 2.792249480977683334e+02
1.217382727739662052e+01 3.294045984243362000e+02
1.289890261253309411e+01 3.829305607382353855e+02
1.366716356462007376e+01 4.399928071750251775e+02
1.448118227674534531e+01 5.002638970450495890e+02
1.534368408930013139e+01 5.627425636520904391e+02
1.625755666443794922e+01 6.257546333887687524e+02
1.722585965398787522e+01 6.870527192495110285e+02
1.825183494319044186e+01 7.439550063295600921e+02
1.933891750455232028e+01 7.935246327219034583e+02
2.049074689815848060e+01 8.328496227854263907e+02
2.171117945694505380e+01 8.594255979558066656e+02
2.300430119772919113e+01 8.715870676534359518e+02
2.437444150122221842e+01 8.688422461530526562e+02
2.582618760682677461e+01 8.519907702330920074e+02
2.736439997074672092e+01 8.229946185503307561e+02
2.899422853882878215e+01 7.846614749657034054e+02
3.072112998861759081e+01 7.402207306553864328e+02
3.255088599835060137e+01 6.928741857539112061e+02
3.448962260405759395e+01 6.453926690732064344e+02
3.654383070957258184e+01 5.998365028637407477e+02
3.872038781812557318e+01 5.574592913733348496e+02
4.102658105827194390e+01 5.187978220902273279e+02
4.347013158125026422e+01 4.838865488761500160e+02
4.605922041145108636e+01 4.524927680594325921e+02
4.880251583654433745e+01 4.243071593312444065e+02
5.170920242896760755e+01 3.990455317947555045e+02
5.478901179593945159e+01 3.764776980576804135e+02
5.805225516094901650e+01 3.564019781738235224e+02
6.150985788580504021e+01 3.386105160527301337e+02
6.517339604882427295e+01 3.228712747422482607e+02
6.905513520162330110e+01 3.089380776868298994e+02
7.316807143427199378e+01 2.965699328916334139e+02
7.752597488629464806e+01 2.855434956736325489e+02
8.214343584919430441e+01 2.756553542864727433e+02
8.703591361485165123e+01 2.667160210631033124e+02
9.221978823334330855e+01 2.585575110968288755e+02
9.771241535346501905e+01 2.510462341641817261e+02
1.035321843295662632e+02 2.440966656781646122e+02
1.096985797892384085e+02 2.376709350614411846e+02
1.162322468679852960e+02 2.317656906688151821e+02
1.231550603292826196e+02 2.263898160216096471e+02
1.304901978014403028e+02 2.215460123319996342e+02
1.382622173764656281e+02 2.172199696367232491e+02
1.464971398307286279e+02 2.133766673182508953e+02
1.552225357427047925e+02 2.099612580013956347e+02
1.644676177994664386e+02 2.069040837892090394e+02
1.742633386009650849e+02 2.041264004489653985e+02
1.846424942895544348e+02 2.015525116309705425e+02
1.956398343517064689e+02 1.991257176945817662e+02
2.072921779595371845e+02 1.968212593187872983e+02
2.196385372416546886e+02 1.946474729507299344e+02
2.327202478960409735e+02 1.926334427229971595e+02
2.465811075822603868e+02 1.908083762130703747e+02
2.612675225563328922e+02 1.891884862660165822e+02
2.768286630392066741e+02 1.877732057634902105e+02
2.933166278390045250e+02 1.865524861523113600e+02
3.107866187782013867e+02 1.855089678527400849e+02
3.292971255097151584e+02 1.846164249595419165e+02
3.489101213406773923e+02 1.838348326900074312e+02
3.696912707195028247e+02 1.831157601484816837e+02
3.917101490809260440e+02 1.824126356923980268e+02
4.150404757850476472e+02 1.816910672482903806e+02
4.397603609302720997e+02 1.809308389020978325e+02
4.659525668664682030e+02 1.801234647578507690e+02
4.937047852839003781e+02 1.792700233454715431e+02
5.231099308056263908e+02 1.783844724080762774e+02
5.542664520663107623e+02 1.774989664423643205e+02
5.872786613189482523e+02 1.766591577583752724e+02
6.222570836730230894e+02 1.759099927342297747e+02
6.593188271333548300e+02 1.752742781371762533e+02
6.985879746785249154e+02 1.747418564503896619e+02
7.401959996915644524e+02 1.742755657837517163e+02
7.842822061337682271e+02 1.738303373794413176e+02
8.309941949353395785e+02 1.733742715596202970e+02
8.804883581643464368e+02 1.728983514994934865e+02
9.329304026284686415e+02 1.724127277890166567e+02
9.884959046625585870e+02 1.719364540386638396e+02
1.047370897959450758e+03 1.714865132651923147e+02
1.109752496412072105e+03 1.710741786128734248e+02
1.175849554052158055e+03 1.707051136536854301e+02
1.245883364295008050e+03 1.703805483685257514e+02
1.320088400831419449e+03 1.700990154296035826e+02
1.398713102647238657e+03 1.698582760386954646e+02
1.482020705798860035e+03 1.696563056975751635e+02
1.570290124729377567e+03 1.694909434981705942e+02
1.663816886076130686e+03 1.693595987501775539e+02
1.762914118095947970e+03 1.692604581182465608e+02
1.867913599020784659e+03 1.691916551158956850e+02
1.979166867853557278e+03 1.691511622000195700e+02
2.097046401323234932e+03 1.691366691208585280e+02
2.221946860939523958e+03 1.691450730069010433e+02
2.354286414322420114e+03 1.691710023247611616e+02
2.494508135230316384e+03 1.692048193542192962e+02
2.643081486974108429e+03 1.692310597037087234e+02
2.800503894183631019e+03 1.692287875967314505e+02
2.967302408188872505e+03 1.691758521169949461e+02
3.144035471591500027e+03 1.690580864607397871e+02
3.331294787934677061e+03 1.688798011098437257e+02
3.529707302730650099e+03 1.686696136885302622e+02
3.739937302478801485e+03 1.684717931769100687e+02
3.962688638701478339e+03 1.683285030162848557e+02
4.198707084443914027e+03 1.682603718403976814e+02
4.448782831127585268e+03 1.682587915642230030e+02
4.713753134116728688e+03 1.682902066264344967e+02
4.994505115855139593e+03 1.683120715373962071e+02
5.291978735958447032e+03 1.682909472198922458e+02
5.607169938205458493e+03 1.682181931055200721e+02
5.941133984965039417e+03 1.681149322784068829e+02
6.294988990221887434e+03 1.680235892534275308e+02
6.669919663030128504e+03 1.679890704789696088e+02
7.067181273927491020e+03 1.680396805671626623e+02
7.488103857590030202e+03 1.681778995909201058e+02
7.934096665797492278e+03 1.683832130654540151e+02
8.406652885618334039e+03 1.686209921052760023e+02
8.907354638610438997e+03 1.688501201563425411e+02
9.437878277775391325e+03 1.690306285179272550e+02
1.000000000000000000e+04 1.691300985203095024e+02
