1.000000000000000056e-01 1.021949477390146493e-01
1.023340212191641979e-01 1.008996816028189525e-01
1.047225189888434937e-01 9.848194876583681034e-02
1.071667648032863518e-01 9.522851350763267275e-02
1.096680598336868540e-01 9.145327967948775616e-02
1.122277356208507687e-01 8.742576885542695242e-02
1.148471547840289320e-01 8.333715416043871449e-02
1.175277117462945192e-01 7.930401581635840302e-02
1.202708334768511633e-01 7.539117655859589595e-02
1.230779802506665188e-01 7.163394540866217797e-02
1.259506464258358105e-01 6.805117604227683969e-02
1.288903612390892850e-01 6.464795648270459105e-02
1.318986896198670322e-01 6.141438274568949973e-02
1.349772330233942608e-01 5.832635200230998351e-02
1.381276302832009917e-01 5.535193706219589116e-02
1.413515584835395578e-01 5.246097589857824650e-02
1.446507338521646480e-01 4.963329130242775250e-02
1.480269126739509333e-01 4.686255077130352387e-02
1.514818922258345801e-01 4.415418269482281055e-02
1.550175117335770014e-01 4.151976577367948174e-02
1.586356533508590516e-01 3.897034506655165653e-02
1.623382431612278576e-01 3.651240324706552659e-02
1.661272522034293042e-01 3.414717834189885670e-02
1.700046975206717659e-01 3.187329060531266661e-02
1.739726432343801643e-01 2.969100510084094618e-02
1.780332016430113962e-01 2.760392547982709957e-02
1.821885343465167173e-01 2.561783339041847490e-02
1.864408533970486059e-01 2.373724042512194432e-02
1.907924224765266130e-01 2.196285629727253580e-02
1.952455581016860897e-01 2.029269963830396262e-02
1.998026308572550258e-01 1.872499619693742193e-02
2.044660666579116715e-01 1.726100578115025153e-02
2.092383480396977358e-01 1.590455873509827311e-02
2.141220154815729471e-01 1.465932781751274824e-02
2.191196687578149116e-01 1.352598291808099554e-02
2.242339683219846114e-01 1.250097241282741370e-02
2.294676367231936187e-01 1.157768214533336920e-02
2.348234600554276463e-01 1.074845962998540426e-02
2.403042894406968444e-01 1.000579188539095499e-02
2.459130425468045167e-01 9.342418203395680409e-03
2.516527051405391679e-01 8.750526811753646730e-03
2.575263326771200512e-01 8.221020941687980088e-03
2.635370519267394296e-01 7.743848063022115528e-03
2.696880626390693036e-01 7.309306046418790476e-03
2.759826392466180334e-01 6.909939539049446064e-03
2.824241326078434922e-01 6.541719507918652976e-03
2.890159717909510095e-01 6.203815147364547325e-03
2.957616658993253433e-01 5.897059631412407237e-03
3.026648059395692369e-01 5.622063112704187189e-03
3.097290667331408232e-01 5.377704083292259886e-03
3.169582088726116131e-01 5.160611174214500309e-03
3.243560807235811305e-01 4.965635091719109231e-03
3.319266204733188896e-01 4.786947615438341512e-03
3.396738582272207929e-01 4.619591166313704277e-03
3.476019181541978309e-01 4.460645179971528193e-03
3.557150206821386162e-01 4.309644895764826525e-03
3.640174847446140394e-01 4.167937646149884497e-03
3.725137300800211437e-01 4.037491772923784694e-03
3.812082795843889094e-01 3.919813595328714567e-03
3.901057617190992199e-01 3.815470692983754207e-03
3.992109129748051544e-01 3.724271696486659497e-03
4.085285803928562220e-01 3.645621210400781364e-03
4.180637241455757991e-01 3.578774274223223834e-03
4.278214201767616132e-01 3.522839657265385178e-03
4.378068629038168735e-01 3.476687402850860316e-03
4.480253679829490632e-01 3.439063473379320567e-03
4.584823751389096036e-01 3.408993376378244462e-03
4.691834510607797992e-01 3.386293529581231587e-03
4.801342923653452721e-01 3.371818613932529764e-03
4.913407286296362919e-01 3.367194543535508705e-03
5.028087254942479323e-01 3.374138196424285308e-03
5.145443878390927317e-01 3.393937696056699774e-03
5.265539630332757293e-01 3.427598088831968707e-03
5.388438442608223244e-01 3.476665586920836461e-03
5.514205739240300996e-01 3.544219461836196818e-03
5.642908471262539916e-01 3.635441047255443155e-03
5.774615152359821035e-01 3.757282615676498308e-03
5.909395895340970872e-01 3.917570190103095151e-03
6.047322449462647631e-01 4.124060254189293451e-03
6.188468238624386109e-01 4.383985562290372215e-03
6.332908400455115050e-01 4.704474660984055839e-03
6.480719826311969189e-01 5.093537661587877775e-03
6.631981202212672288e-01 5.561427526374109094e-03
6.786773050723297063e-01 6.122084555300590959e-03
6.945177773823696388e-01 6.794596269726381824e-03
7.107279696773417532e-01 7.604365110272287044e-03
7.273165113001457405e-01 8.584366675872982105e-03
7.442922330043759693e-01 9.776175381753489727e-03
7.616641716552892127e-01 1.123103019802547398e-02
7.794415750404949383e-01 1.301098523173828923e-02
7.976339067929276716e-01 1.518952903421797243e-02
8.162508514287228900e-01 1.785154526781290024e-02
8.353023195026776371e-01 2.108996283223862206e-02
8.547984528840409935e-01 2.500008308399118140e-02
8.747496301554417153e-01 2.967138985572360249e-02
8.951664721378301826e-01 3.517959181968437904e-02
9.160598475443707533e-01 4.158115341389291564e-02
9.374408787662995568e-01 4.891136961764455671e-02
9.593209477938243745e-01 5.718478446170703611e-02
9.817117022752193112e-01 6.639889724454549336e-02
1.004625061717340895e+00 7.653806660967513165e-02
1.028073223830865190e+00 8.758220464066082678e-02
1.052068671023622892e+00 9.951728939422266329e-02
1.076624177045493402e+00 1.123444610507116637e-01
1.101752813788386742e+00 1.260808954154424288e-01
1.127467958244946722e+00 1.407471819993812989e-01
1.153783299629660863e+00 1.563426103087386387e-01
1.180712846666189586e+00 1.728224393407971626e-01
1.208270935044776451e+00 1.900864112371993542e-01
1.236472235053714952e+00 2.079931375552636907e-01
1.265331759388942823e+00 2.263917355326742209e-01
1.294864871145904317e+00 2.451531368270894184e-01
1.325087291997953276e+00 2.641829037248834000e-01
1.356015110565633286e+00 2.833973650038864034e-01
1.387664790981308460e+00 3.026714790404267941e-01
1.420053181653682550e+00 3.217841253413424307e-01
1.453197524236896188e+00 3.403851204042583900e-01
1.487115462808953792e+00 3.580133255746006382e-01
1.521825053264386218e+00 3.741615135182614349e-01
1.557344772926134269e+00 3.883730698667212655e-01
1.593693530381774526e+00 4.003373016918640448e-01
1.630890675549332647e+00 4.099461241707421655e-01
1.668956009978024069e+00 4.172832210027657140e-01
1.707909797389427720e+00 4.225441254416060222e-01
1.747772774464680934e+00 4.259226559193112771e-01
1.788566161883461847e+00 4.275268390299378218e-01
1.830311675620612144e+00 4.273682221138818127e-01
1.873031538506437554e+00 4.254325224244971948e-01
1.916748492056814968e+00 4.217785319427204138e-01
1.961485808579430445e+00 4.166036147241886645e-01
2.007267303562569438e+00 4.102359850322753743e-01
2.054117348353064365e+00 4.030553634101611271e-01
2.102060883130158597e+00 3.953853427917255470e-01
2.151123430182166008e+00 3.874154504065413507e-01
2.201331107493031070e+00 3.791786409862207829e-01
2.252710642645980421e+00 3.705990629418315918e-01
2.305289387051708605e+00 3.615766366420314348e-01
2.359095330508635069e+00 3.520668230302161916e-01
2.414157116103019085e+00 3.421227032427998083e-01
2.470504055456825387e+00 3.318788602731373438e-01
2.528166144331499332e+00 3.215009105639179410e-01
2.587174078595922744e+00 3.111357868924153891e-01
2.647559270567066747e+00 3.008857979222883672e-01
2.709353865732051503e+00 2.908177491622626065e-01
2.772590759860482645e+00 2.809830315355188457e-01
2.837303616516213101e+00 2.714309195086986870e-01
2.903526884977813971e+00 2.622032222333449680e-01
2.971295818577333936e+00 2.533214009678777523e-01
3.040646493467066946e+00 2.447823355786303279e-01
3.111615827824361524e+00 2.365660031092203797e-01
3.184241601504652852e+00 2.286481800188522318e-01
3.258562476153224807e+00 2.210069781154443413e-01
3.334618015786364520e+00 2.136230197940787445e-01
3.412448707852889562e+00 2.064827399230379501e-01
3.492095984787271234e+00 1.995860862167289085e-01
3.573602246065786581e+00 1.929529209991067418e-01
3.657010880777491479e+00 1.866208023259698923e-01
3.742366290721980793e+00 1.806290764796958104e-01
3.829713914046280809e+00 1.749995617928807867e-01
3.919100249433403960e+00 1.697279665697828399e-01
4.010572880855495903e+00 1.647878327309206803e-01
4.104180502904709371e+00 1.601479121387893167e-01
4.199972946715304190e+00 1.557909226985332019e-01
4.298001206490796200e+00 1.517210098617650382e-01
4.398317466650223828e+00 1.479590367414732599e-01
4.500975129608046466e+00 1.445258920659785451e-01
4.606028844202400663e+00 1.414329050795510301e-01
4.713534534786909092e+00 1.386838261179469123e-01
4.823549431001467269e+00 1.362887187740984829e-01
4.936132098237917099e+00 1.342765271561200124e-01
5.051342468816764075e+00 1.326977509151930912e-01
5.169241873891598615e+00 1.316227359231554594e-01
5.289893076098151070e+00 1.311491210259968510e-01
5.413360302965378068e+00 1.314277659640884499e-01
5.539709281106403260e+00 1.327140586074811446e-01
5.669007271207433973e+00 1.354397098454477311e-01
5.801323103833378347e+00 1.411305509745995057e-01
5.936727216069122903e+00 1.526808220838189734e-01
6.075291689016074415e+00 1.772743938963253774e-01
6.217090286163826640e+00 2.322150389723355302e-01
6.362198492657488380e+00 3.553088724522808217e-01
6.510693555481458006e+00 6.211416921669952185e-01
6.662654524581149929e+00 1.158460265344314122e+00
6.818162294944479562e+00 2.159171243856357947e+00
6.977299649665534176e+00 3.863247050565570717e+00
7.140151304013399702e+00 6.509044438705712921e+00
7.306803950529499936e+00 1.025571874186186960e+01
7.477346305177587915e+00 1.510890011027792212e+01
7.651869154570821507e+00 2.089027392158344654e+01
7.830465404301186538e+00 2.727800368434138534e+01
8.013230128396886087e+00 3.390586604758549072e+01
8.200260619934130801e+00 4.047413630314078858e+01
8.391656442830157658e+00 4.682166666223417195e+01
8.587519484845170581e+00 5.293444392829691481e+01
8.787954011821319966e+00 5.890082949963088055e+01
8.993066723187618905e+00 6.484651311627922610e+01
9.202966808760415063e+00 7.088082627492147481e+01
9.417766006869518591e+00 7.707070391050301339e+01
9.637578663841088300e+00 8.344290081300702866e+01
9.862521794868779779e+00 9.000184508249671467e+01
1.009271514630570721e+01 9.674860545658955857e+01
1.032828125941028574e+01 1.036895078570932185e+02
1.056934553557988288e+01 1.108322162176581855e+02
1.081603630310709363e+01 1.181727292886073712e+02
1.106848488549412046e+01 1.256819908165219459e+02
1.132682567136153828e+01 1.332962034389728956e+02
1.159119618598885637e+01 1.409161966071501695e+02
1.186173716452477933e+01 1.484190611089286165e+02
1.213859262690627716e+01 1.556771065430120871e+02
1.242190995452617486e+01 1.625798801256374304e+02
1.271183996869028832e+01 1.690436355860021251e+02
1.300853701090570524e+01 1.750063970498840717e+02
1.331215902504307635e+01 1.804114584863183097e+02
1.362286764141646778e+01 1.851922536232054028e+02
1.394082826282577159e+01 1.892663959259477338e+02
1.426621015260736947e+01 1.925429989167789415e+02
1.459918652473978717e+01 1.949437555879222543e+02
1.493993463605257688e+01 1.964275958323246982e+02
1.528863588058729484e+01 1.970076371642641391e+02
1.564547588616095730e+01 1.967496397152202974e+02
1.601064461318317811e+01 1.957488339901784116e+02
1.638433645577984876e+01 1.941020879779164261e+02
1.676675034527699282e+01 1.918914811112333894e+02
1.715808985610004811e+01 1.891851608720446052e+02
1.755856331414468841e+01 1.860509082106997880e+02
1.796838390767719318e+01 1.825667564905645577e+02
1.838776980082326773e+01 1.788204357195139664e+02
1.881694424970555701e+01 1.748975016090811607e+02
1.925613572129198658e+01 1.708655360778224690e+02
1.970557801501798423e+01 1.667647443265631466e+02
2.016551038724746547e+01 1.626119281110371730e+02
2.063617767863858532e+01 1.584123419732059403e+02
2.111783044448244340e+01 1.541734471635635941e+02
2.161072508808376469e+01 1.499154312305143719e+02
2.211512399725488720e+01 1.456760859917230562e+02
2.263129568399529745e+01 1.415154305491400919e+02
2.315951492743151974e+01 1.375129652065366486e+02
2.370006292009328064e+01 1.337535991823831125e+02
2.425322741760352940e+01 1.303012846898719204e+02
2.481930289186255223e+01 1.271718059746535516e+02
2.539859068780723916e+01 1.243233217879434420e+02
2.599139918382932990e+01 1.216714490770330315e+02
2.659804395593758386e+01 1.191214619446223963e+02
2.721884794575179711e+01 1.165965933699629886e+02
2.785414163241766161e+01 1.140502715739372519e+02
2.850426320853434703e+01 1.114652248783455235e+02
2.916955876018796090e+01 1.088487986151579037e+02
2.985038245118729350e+01 1.062332135449242543e+02
3.054709671159968210e+01 1.036772506256332207e+02
3.126007243068703545e+01 1.012580393252928559e+02
3.198968915434537763e+01 9.904980379913983768e+01
3.273633528715244267e+01 9.709651499901414695e+01
3.350040829913132967e+01 9.539327623670656919e+01
3.428231493733970581e+01 9.388923243673880847e+01
3.508247144239792448e+01 9.251136817145031443e+01
3.590130377007068319e+01 9.119562870958358758e+01
3.673924781802074335e+01 8.990881165944558973e+01
3.759674965785467293e+01 8.865051004056786610e+01
3.847426577258502078e+01 8.743832450846065285e+01
3.937226329963479543e+01 8.628819872082540599e+01
4.029122027951348173e+01 8.520347275922691210e+01
4.123162591029752377e+01 8.417596520841399865e+01
4.219398080805024165e+01 8.319401979930455582e+01
4.317879727332021389e+01 8.224836246386065852e+01
4.418659956385941712e+01 8.133474103274021161e+01
4.521792417370701855e+01 8.045478816201753602e+01
4.627332011878688434e+01 7.961707454200939083e+01
4.735334922917115819e+01 7.883697597199997631e+01
4.845858644816495797e+01 7.813278770271244866e+01
4.958962013837211913e+01 7.751731535760087866e+01
5.074705239490465658e+01 7.699076975517458266e+01
5.193149936590211979e+01 7.653855260176359820e+01
5.314359158053241572e+01 7.613677748221353170e+01
5.438397428464796235e+01 7.576114067832358501e+01
5.565330778427645697e+01 7.539349393764197771e+01
5.695226779712825049e+01 7.502355568967671218e+01
5.828154581230845821e+01 7.464730989088326396e+01
5.964184945842459484e+01 7.426571634462716531e+01
6.103390288028621313e+01 7.388604454983830294e+01
6.245844712439618007e+01 7.352337641414136726e+01
6.391624053343998924e+01 7.319925498151880561e+01
6.540805914998252035e+01 7.293503538108700468e+01
6.693469712958660978e+01 7.274265028374651365e+01
6.849696716357446746e+01 7.261691356801556196e+01
7.009570091165618066e+01 7.253544829343452705e+01
7.173174944465613123e+01 7.246468520807539448e+01
7.340598369757212538e+01 7.237096734335511883e+01
7.511929493320968731e+01 7.223056840333381956e+01
7.687259521663727924e+01 7.203592438800959030e+01
7.866681790071581304e+01 7.179565135569414736e+01
8.050291812295981231e+01 7.152959947897423376e+01
8.238187331399601021e+01 7.126235948385695451e+01
8.430468371788967374e+01 7.101823996615144097e+01
8.627237292461450124e+01 7.081758530096520587e+01
8.828598841495150396e+01 7.067499715271058847e+01
9.034660211810525254e+01 7.059537326394416823e+01
9.245531098233570333e+01 7.057089806776161822e+01
9.461323755890769860e+01 7.057985913940180467e+01
9.682153059967086506e+01 7.059230284855411242e+01
9.908136566858665617e+01 7.058151471478285544e+01
1.013939457675291749e+02 7.053634090718949778e+01
1.037605019766911738e+02 7.046585691691777242e+01
1.061822941099383542e+02 7.039469049424391756e+01
1.086606113854596884e+02 7.035067683156357532e+01
1.111967731120698915e+02 7.035339842361281626e+01
1.137921293915315033e+02 7.040873459761931485e+01
1.164480618372685541e+02 7.050980833503874123e+01
1.191659843098558724e+02 7.064080419185290793e+01
1.219473436696738275e+02 7.078126969139339053e+01
1.247936205471311411e+02 7.090875353235112755e+01
1.277063301308643446e+02 7.100323018422568566e+01
1.306870229743346385e+02 7.105127609020530599e+01
1.337372858212496283e+02 7.105062884302812165e+01
1.368587424502517820e+02 7.101062790334100328e+01
1.400530545393219768e+02 7.094733254928092947e+01
1.433219225503573853e+02 7.087697525240879770e+01
1.466670866343968669e+02 7.081085632855094047e+01
1.500903275579734952e+02 7.075483475150906543e+01
1.535934676510896963e+02 7.071230034440982593e+01
1.571783717773162721e+02 7.068546857327990551e+01
1.608469483265355109e+02 7.067554740186434969e+01
1.646011502308549836e+02 7.068163612793586026e+01
1.684429760042315252e+02 7.070135157450953045e+01
1.723744708063619839e+02 7.073216508150707682e+01
1.763977275314043425e+02 7.077122467642064407e+01
1.805148879221108302e+02 7.081314535170338331e+01
1.847281437099634047e+02 7.084928791584066232e+01
1.890397377819221560e+02 7.086990530209514816e+01
1.934519653744044376e+02 7.087035609547966430e+01
1.979671752951332735e+02 7.085631109378209658e+01
2.025877711735017215e+02 7.084281473694323950e+01
2.073162127401228929e+02 7.084827276498285187e+01
2.121550171362450214e+02 7.088490219609437304e+01
2.171067602537264918e+02 7.095170128849103719e+01
2.221740781062884764e+02 7.103446396036926558e+01
2.273596682327715257e+02 7.111195315642723358e+01
2.326662911331457906e+02 7.116525713628708161e+01
2.380967717380358408e+02 7.118461520580930824e+01
2.436540009125465929e+02 7.117106043808050231e+01
2.493409369951878034e+02 7.113298922345845199e+01
2.551606073727183741e+02 7.108100424208137724e+01
2.611161100917459521e+02 7.102451723647406823e+01
2.672106155079432597e+02 7.096965883020614285e+01
2.734473679737579914e+02 7.091975064244053328e+01
2.798296875655115628e+02 7.087647471934951682e+01
2.863609718508116089e+02 7.084021914438415024e+01
2.930446976972141329e+02 7.081091665735073093e+01
2.998844231231027493e+02 7.078859060692684579e+01
3.068837891917642082e+02 7.077289965893194790e+01
3.140465219496752525e+02 7.076369055307709743e+01
3.213764344100275707e+02 7.076081646046733908e+01
3.288774285825510333e+02 7.076396766747981815e+01
3.365534975507094373e+02 7.077301959032041623e+01
3.444087275973819828e+02 7.078785409769720616e+01
3.524473003801584241e+02 7.080818793877574535e+01
3.606734951574027832e+02 7.083392073128901245e+01
3.690916910662778605e+02 7.086495870946016851e+01
3.777063694539364747e+02 7.090104084640606175e+01
3.865221162631261791e+02 7.094208730444624678e+01
3.955436244734701745e+02 7.098802514016949772e+01
4.047756965997322141e+02 7.103861206294601516e+01
4.142232472483893844e+02 7.109378579018775213e+01
4.238913057338778572e+02 7.115349129154949992e+01
4.337850187558988750e+02 7.121750212037409256e+01
4.439096531392166298e+02 7.128577108369459836e+01
4.542705986374043050e+02 7.135805172429664367e+01
4.648733708020256472e+02 7.143400920130206089e+01
4.757236139187889421e+02 7.151283167656934836e+01
4.868271040122278919e+02 7.159256488886241243e+01
4.981897519205160165e+02 7.166940992814248546e+01
5.098176064420424609e+02 7.173670330655642147e+01
5.217168575554348990e+02 7.178462766946226736e+01
5.338938397147350088e+02 7.180197883190012931e+01
5.463550352214875829e+02 7.177998502890582699e+01
5.591070776755293537e+02 7.171743494313966494e+01
5.721567555063245436e+02 7.162453707301762051e+01
5.855110155867238291e+02 7.152191067142345560e+01
5.991769669310618838e+02 7.143436373182100851e+01
6.131618844795775658e+02 7.138241570931317881e+01
6.274732129711574089e+02 7.137632866958598754e+01
6.421185709064758385e+02 7.141433200144187765e+01
6.571057546036270196e+02 7.148594623189160302e+01
6.724427423484249857e+02 7.157654164609370184e+01
6.881376986415663168e+02 7.166977775666825323e+01
7.041989785449288775e+02 7.174925871299682001e+01
7.206351321293052479e+02 7.180019701939764332e+01
7.374549090259546347e+02 7.181189083352904845e+01
7.546672630843886509e+02 7.178235750654201297e+01
7.722813571388642231e+02 7.172151389798273158e+01
7.903065678861347578e+02 7.164972402021237485e+01
8.087524908770449201e+02 7.159111375113526776e+01
8.276289456246344116e+02 7.156457513757260358e+01
8.469459808314585416e+02 7.157695973860586491e+01
8.667138797389233105e+02 7.162066114832551023e+01
8.869431656014704686e+02 7.167731853415497767e+01
9.076446072885356671e+02 7.172486049008242048e+01
9.288292250172498825e+02 7.174480715300704503e+01
9.505082962189502496e+02 7.172936811956189729e+01
9.726933615426169126e+02 7.168500388865787443e+01
9.953962309984233343e+02 7.163036057827960690e+01
1.018628990244686520e+03 7.158878162156402425e+01
1.042404007021555799e+03 7.157903475133048232e+01
1.066733937734857136e+03 7.160776899049116651e+01
1.091631734193614648e+03 7.166738160162819327e+01
1.117110650504824207e+03 7.173950843553703294e+01
1.143184250129150314e+03 7.180206560190177356e+01
1.169866413101305625e+03 7.183656039554722383e+01
1.197171343418965762e+03 7.183520723321355206e+01
1.225113576604117725e+03 7.180450338812886457e+01
1.253707987440919624e+03 7.176316610489170955e+01
1.282969797894147632e+03 7.173462337186495574e+01
1.312914585212465227e+03 7.173771179043659174e+01
1.343558290220826166e+03 7.177910807069331156e+01
1.374917225806420447e+03 7.185118187874195428e+01
1.407008085602683650e+03 7.193549473837799724e+01
1.439847952876006502e+03 7.200965845055108616e+01
1.473454309619834248e+03 7.205497534830993800e+01
1.507845045861050949e+03 7.206284848662578213e+01
1.543038469183564530e+03 7.203809402253438066e+01
1.579053314474175750e+03 7.199605234718866598e+01
1.615908753895919062e+03 7.195440222463750501e+01
1.653624407094178878e+03 7.192418385239227518e+01
1.692220351641035450e+03 7.190467835347268988e+01
1.731717133723352845e+03 7.188613118847605676e+01
1.772135779080358361e+03 7.185873407144737257e+01
1.813497804196495281e+03 7.182162207058910042e+01
1.855825227755518881e+03 7.178567044991825696e+01
1.899140582361935458e+03 7.176846450846986158e+01
1.943466926536018264e+03 7.178537759611580782e+01
1.988827856988807753e+03 7.184137395605905851e+01
2.035247521183575600e+03 7.192803952153174407e+01
2.082750630190514130e+03 7.202679219745316175e+01
2.131362471841437582e+03 7.211500215702047001e+01
2.181108924191520146e+03 7.217394041451029807e+01
2.232016469295234401e+03 7.219500037818207261e+01
2.284112207303825471e+03 7.218302484290521193e+01
2.337423870891812385e+03 7.215341242333283844e+01
2.391979840020237134e+03 7.212390169203595747e+01
2.447809157044440326e+03 7.210556144800148104e+01
2.504941542174502501e+03 7.209744631971365436e+01
2.563407409296515198e+03 7.208963115962397694e+01
2.623237882163123686e+03 7.207148912542851349e+01
2.684464810961965213e+03 7.204044101239209397e+01
2.747120789270808928e+03 7.200394055365842405e+01
2.811239171408461061e+03 7.197377688821154607e+01
2.876854090190591251e+03 7.195748379679972118e+01
2.944000475100033782e+03 7.195239007892028837e+01
3.012714070881164389e+03 7.194782772610503230e+01
3.083031456568277008e+03 7.193309174743973244e+01
3.154990064958088624e+03 7.190541201410641747e+01
3.228628202536726803e+03 7.187222230336976736e+01
3.303985069871854648e+03 7.184527326631230437e+01
3.381100782480682028e+03 7.183207153843352444e+01
3.460016392185108998e+03 7.183016044198123495e+01
3.540773908965269584e+03 7.182902909259618696e+01
3.623416323323149754e+03 7.181879220916091811e+01
3.707987629168172589e+03 7.179842383956915342e+01
3.794532847236942416e+03 7.177883544864400278e+01
3.883098049059601180e+03 7.177763517196370913e+01
3.973730381485604084e+03 7.181020954983124227e+01
4.066478091781853891e+03 7.188153144881349021e+01
4.161390553316707155e+03 7.198318682113037426e+01
4.258518291843414772e+03 7.209658130244314123e+01
4.357913012397029888e+03 7.219906255126414862e+01
4.459627626819095894e+03 7.227187947133904800e+01
4.563716281924754185e+03 7.230641939915034300e+01
4.670234388327330635e+03 7.230754794807388919e+01
4.779238649935595276e+03 7.229071234854717432e+01
4.890787094139589499e+03 7.227369991970802232e+01
5.004939102700953299e+03 7.226760037026103589e+01
5.121755443364241728e+03 7.227144806293956947e+01
5.241298302206061635e+03 7.227527310546636841e+01
5.363631316739234535e+03 7.226841477942605252e+01
5.488819609789666174e+03 7.224830536994946328e+01
5.616929824163803460e+03 7.222245850345562701e+01
5.748030158125350681e+03 7.220273503999477782e+01
5.882190401699956055e+03 7.219670594232053418e+01
6.019481973827274487e+03 7.220167553432550278e+01
6.159977960380168952e+03 7.220690952270182095e+01
6.303753153071281304e+03 7.220164571167683221e+01
6.450884089267686250e+03 7.218311603281746613e+01
6.601449092734883379e+03 7.215882421907704725e+01
6.755528315331639533e+03 7.214061233215329594e+01
6.913203779678127830e+03 7.213603808731501488e+01
7.074559422819878819e+03 7.214240881987251441e+01
7.239681140910876820e+03 7.214900689652802157e+01
7.408656834939567489e+03 7.214508813166310119e+01
7.581576457522102828e+03 7.212789139033674246e+01
7.758532060787827504e+03 7.210476210735372149e+01
7.939617845382275846e+03 7.208740887482797177e+01
8.124930210614047610e+03 7.208288905092103960e+01
8.314567805772063366e+03 7.208721283691777160e+01
8.508631582640580746e+03 7.208717378354495509e+01
8.707224849239921241e+03 7.206805650568182386e+01
8.910453324821502974e+03 7.202197588282652418e+01
9.118425196146561575e+03 7.195190921412589091e+01
9.331251175078239612e+03 7.186990608924153889e+01
9.549044557518078364e+03 7.179168413918775116e+01
9.771921283717996630e+03 7.173123179316236531e+01
1.000000000000000000e+04 7.169846831293598655e+01
